2000
1 -71 -15
0
1 -93 -21
1
1 -95 0
0
1 -85 0
1
1 -9 77
0
1 -16 3
1
1 0 -64
0
1 0 -7
1
1 0 0
0
1 0 0
1
1 0 28
0
1 0 6
1
1 73 -33
0
1 56 -21
1
1 4 0
0
1 75 0
1
1 33 64
0
1 19 64
1
2 -17 -30
00
2 -57 -75
10
2 -26 -70
01
2 -26 -34
11
2 -83 0
00
2 -54 0
10
2 -85 0
01
2 -6 0
11
2 -13 75
00
2 -75 72
10
2 -67 64
01
2 -81 5
11
2 0 -39
00
2 0 -34
10
2 0 -54
01
2 0 -40
11
2 0 0
00
2 0 0
10
2 0 0
01
2 0 0
11
2 0 8
00
2 0 98
10
2 0 67
0